[1][(560.000,0.150),(3118361,270173),0,N,1,30800,30800.0000]
[2][(560.000,157.930),(3117801,270733),0,E,1,29680,29680.0000]
[3][(560.000,0.460),(3117241,270173),0,S,1,29680,29680.0000]
[4][(791.960,0.500),(3117801,269613),0,O,1,30800,30800.0000]
[5][(791.960,182.980),(3118361,270733),0,NE,1,30240,30240.0000]
[6][(791.960,0.390),(3118361,269613),0,NO,1,31360,31360.0000]
[7][(791.960,190.220),(3117241,270733),0,SE,1,29120,29120.0000]
[8][(791.960,0.750),(3117241,269613),0,SO,1,30240,30240.0000]
[9][(1351.960,190.220),(3117801,270733),7,N,2,29680,29680.0000]
[10][(1351.960,190.220),(3117241,271293),7,E,2,28560,28560.0000]
[11][(1351.960,190.220),(3116681,270733),7,S,2,28560,28560.0000]
[12][(1583.919,190.220),(3117241,270173),7,O,2,29680,29680.0000]
[13][(1583.919,190.220),(3117801,271293),7,NE,2,29120,29120.0000]
[14][(1583.919,190.220),(3117801,270173),7,NO,2,30240,30240.0000]
[15][(1583.919,190.220),(3116681,271293),7,SE,2,28000,28000.0000]
[16][(1583.919,190.220),(3116681,270173),7,SO,2,29120,29120.0000]
[17][(2143.919,190.220),(3117241,271293),15,N,3,28560,28560.0000]
[18][(2143.919,190.220),(3116681,271853),15,E,3,27440,27440.0000]
[19][(2143.919,204.530),(3116121,271293),15,S,3,27440,27440.0000]
[20][(2375.879,190.220),(3116681,270733),15,O,3,28560,28560.0000]
[21][(2375.879,190.220),(3117241,271853),15,NE,3,28000,28000.0000]
[22][(2375.879,190.220),(3117241,270733),15,NO,3,29120,29120.0000]
[23][(2375.879,190.220),(3116121,271853),15,SE,3,26880,26880.0000]
[24][(2375.879,232.850),(3116121,270733),15,SO,3,28000,28000.0000]
[25][(2935.879,190.220),(3116681,271853),23,N,4,27440,27440.0000]
[26][(2935.879,190.220),(3116121,272413),23,E,4,26320,26320.0000]
[27][(2935.879,190.220),(3115561,271853),23,S,4,26320,26320.0000]
[28][(3167.838,190.220),(3116121,271293),23,O,4,27440,27440.0000]
[29][(3167.838,190.220),(3116681,272413),23,NE,4,26880,26880.0000]
[30][(3167.838,190.220),(3116681,271293),23,NO,4,28000,28000.0000]
[31][(3167.838,352.650),(3115561,272413),23,SE,4,25760,25760.0000]
[32][(3167.838,190.220),(3115561,271293),23,SO,4,26880,26880.0000]
[33][(3727.838,352.650),(3116121,272413),31,N,5,26320,26320.0000]
[34][(3727.838,352.650),(3115561,272973),31,E,5,25200,25200.0000]
[35][(3727.838,352.650),(3115001,272413),31,S,5,25200,25200.0000]
[36][(3959.798,352.650),(3115561,271853),31,O,5,26320,26320.0000]
[37][(3959.798,352.650),(3116121,272973),31,NE,5,25760,25760.0000]
[38][(3959.798,352.650),(3116121,271853),31,NO,5,26880,26880.0000]
[39][(3959.798,352.650),(3115001,272973),31,SE,5,24640,24640.0000]
[40][(3959.798,352.650),(3115001,271853),31,SO,5,25760,25760.0000]
[41][(4519.798,352.650),(3115561,272973),39,N,6,25200,25200.0000]
[42][(4519.798,352.650),(3115001,273533),39,E,6,24080,24080.0000]
[43][(4519.798,352.650),(3114441,272973),39,S,6,24080,24080.0000]
[44][(4751.758,352.650),(3115001,272413),39,O,6,25200,25200.0000]
[45][(4751.758,352.650),(3115561,273533),39,NE,6,24640,24640.0000]
[46][(4751.758,352.650),(3115561,272413),39,NO,6,25760,25760.0000]
[47][(4751.758,352.650),(3114441,273533),39,SE,6,23520,23520.0000]
[48][(4751.758,352.650),(3114441,272413),39,SO,6,24640,24640.0000]
[49][(5311.758,352.650),(3115001,273533),47,N,7,24080,24080.0000]
[50][(5311.758,352.650),(3114441,274093),47,E,7,22960,22960.0000]
[51][(5311.758,352.650),(3113881,273533),47,S,7,22960,22960.0000]
[52][(5543.717,352.650),(3114441,272973),47,O,7,24080,24080.0000]
[53][(5543.717,352.650),(3115001,274093),47,NE,7,23520,23520.0000]
[54][(5543.717,352.650),(3115001,272973),47,NO,7,24640,24640.0000]
[55][(5543.717,352.650),(3113881,274093),47,SE,7,22400,22400.0000]
[56][(5543.717,352.650),(3113881,272973),47,SO,7,23520,23520.0000]
[57][(6103.717,352.650),(3114441,274093),55,N,8,22960,22960.0000]
[58][(6103.717,352.650),(3113881,274653),55,E,8,21840,21840.0000]
[59][(6103.717,352.650),(3113321,274093),55,S,8,21840,21840.0000]
[60][(6335.677,352.650),(3113881,273533),55,O,8,22960,22960.0000]
[61][(6335.677,352.650),(3114441,274653),55,NE,8,22400,22400.0000]
[62][(6335.677,352.650),(3114441,273533),55,NO,8,23520,23520.0000]
[63][(6335.677,352.650),(3113321,274653),55,SE,8,21280,21280.0000]
[64][(6335.677,352.650),(3113321,273533),55,SO,8,22400,22400.0000]
[65][(6895.677,352.650),(3113881,274653),63,N,9,21840,21840.0000]
[66][(6895.677,352.650),(3113321,275213),63,E,9,20720,20720.0000]
[67][(6895.677,352.650),(3112761,274653),63,S,9,20720,20720.0000]
[68][(7127.636,352.650),(3113321,274093),63,O,9,21840,21840.0000]
[69][(7127.636,352.650),(3113881,275213),63,NE,9,21280,21280.0000]
[70][(7127.636,352.650),(3113881,274093),63,NO,9,22400,22400.0000]
[71][(7127.636,352.650),(3112761,275213),63,SE,9,20160,20160.0000]
[72][(7127.636,352.650),(3112761,274093),63,SO,9,21280,21280.0000]
[73][(7687.636,352.650),(3113321,275213),71,N,10,20720,20720.0000]
[74][(7687.636,352.650),(3112761,275773),71,E,10,19600,19600.0000]
[75][(7687.636,352.650),(3112201,275213),71,S,10,19600,19600.0000]
[76][(7919.596,352.650),(3112761,274653),71,O,10,20720,20720.0000]
[77][(7919.596,352.650),(3113321,275773),71,NE,10,20160,20160.0000]
[78][(7919.596,352.650),(3113321,274653),71,NO,10,21280,21280.0000]
[79][(7919.596,352.650),(3112201,275773),71,SE,10,19040,19040.0000]
[80][(7919.596,352.650),(3112201,274653),71,SO,10,20160,20160.0000]
[81][(8479.596,352.650),(3112761,275773),79,N,11,19600,19600.0000]
[82][(8479.596,352.650),(3112201,276333),79,E,11,18480,18480.0000]
[83][(8479.596,352.650),(3111641,275773),79,S,11,18480,18480.0000]
[84][(8711.556,352.650),(3112201,275213),79,O,11,19600,19600.0000]
[85][(8711.556,352.650),(3112761,276333),79,NE,11,19040,19040.0000]
[86][(8711.556,352.650),(3112761,275213),79,NO,11,20160,20160.0000]
[87][(8711.556,352.650),(3111641,276333),79,SE,11,17920,17920.0000]
[88][(8711.556,352.650),(3111641,275213),79,SO,11,19040,19040.0000]
[89][(9271.556,352.650),(3112201,276333),87,N,12,18480,18480.0000]
[90][(9271.556,352.650),(3111641,276893),87,E,12,17360,17360.0000]
[91][(9271.556,352.650),(3111081,276333),87,S,12,17360,17360.0000]
[92][(9503.515,352.650),(3111641,275773),87,O,12,18480,18480.0000]
[93][(9503.515,352.650),(3112201,276893),87,NE,12,17920,17920.0000]
[94][(9503.515,352.650),(3112201,275773),87,NO,12,19040,19040.0000]
[95][(9503.515,352.650),(3111081,276893),87,SE,12,16800,16800.0000]
[96][(9503.515,352.650),(3111081,275773),87,SO,12,17920,17920.0000]
[97][(10063.515,352.650),(3111641,276893),95,N,13,17360,17360.0000]
[98][(10063.515,352.650),(3111081,277453),95,E,13,16240,16240.0000]
[99][(10063.515,352.650),(3110521,276893),95,S,13,16240,16240.0000]
[100][(10295.475,352.650),(3111081,276333),95,O,13,17360,17360.0000]
[101][(10295.475,352.650),(3111641,277453),95,NE,13,16800,16800.0000]
[102][(10295.475,352.650),(3111641,276333),95,NO,13,17920,17920.0000]
[103][(10295.475,352.650),(3110521,277453),95,SE,13,15680,15680.0000]
[104][(10295.475,352.650),(3110521,276333),95,SO,13,16800,16800.0000]
[105][(10855.475,352.650),(3111081,277453),103,N,14,16240,16240.0000]
[106][(10855.475,352.650),(3110521,278013),103,E,14,15120,15120.0000]
[107][(10855.475,352.650),(3109961,277453),103,S,14,15120,15120.0000]
[108][(11087.434,352.650),(3110521,276893),103,O,14,16240,16240.0000]
[109][(11087.434,352.650),(3111081,278013),103,NE,14,15680,15680.0000]
[110][(11087.434,352.650),(3111081,276893),103,NO,14,16800,16800.0000]
[111][(11087.434,352.650),(3109961,278013),103,SE,14,14560,14560.0000]
[112][(11087.434,352.650),(3109961,276893),103,SO,14,15680,15680.0000]
[113][(11647.434,352.650),(3110521,278013),111,N,15,15120,15120.0000]
[114][(11647.434,352.650),(3109961,278573),111,E,15,14000,14000.0000]
[115][(11647.434,352.650),(3109401,278013),111,S,15,14000,14000.0000]
[116][(11879.394,352.650),(3109961,277453),111,O,15,15120,15120.0000]
[117][(11879.394,352.650),(3110521,278573),111,NE,15,14560,14560.0000]
[118][(11879.394,352.650),(3110521,277453),111,NO,15,15680,15680.0000]
[119][(11879.394,352.650),(3109401,278573),111,SE,15,13440,13440.0000]
[120][(11879.394,352.650),(3109401,277453),111,SO,15,14560,14560.0000]
[121][(12439.394,352.650),(3109961,278573),119,N,16,14000,14000.0000]
[122][(12439.394,352.650),(3109401,279133),119,E,16,12880,12880.0000]
[123][(12439.394,352.650),(3108841,278573),119,S,16,12880,12880.0000]
[124][(12671.354,352.650),(3109401,278013),119,O,16,14000,14000.0000]
[125][(12671.354,352.650),(3109961,279133),119,NE,16,13440,13440.0000]
[126][(12671.354,352.650),(3109961,278013),119,NO,16,14560,14560.0000]
[127][(12671.354,352.650),(3108841,279133),119,SE,16,12320,12320.0000]
[128][(12671.354,352.650),(3108841,278013),119,SO,16,13440,13440.0000]
[129][(13231.354,352.650),(3109401,279133),127,N,17,12880,12880.0000]
[130][(13231.354,352.650),(3108841,279693),127,E,17,11760,11760.0000]
[131][(13231.354,352.650),(3108281,279133),127,S,17,11760,11760.0000]
[132][(13463.313,352.650),(3108841,278573),127,O,17,12880,12880.0000]
[133][(13463.313,352.650),(3109401,279693),127,NE,17,12320,12320.0000]
[134][(13463.313,352.650),(3109401,278573),127,NO,17,13440,13440.0000]
[135][(13463.313,352.650),(3108281,279693),127,SE,17,11200,11200.0000]
[136][(13463.313,352.650),(3108281,278573),127,SO,17,12320,12320.0000]
[137][(14023.313,352.650),(3108841,279693),135,N,18,11760,11760.0000]
[138][(14023.313,352.650),(3108281,280253),135,E,18,10640,10640.0000]
[139][(14023.313,352.650),(3107721,279693),135,S,18,11760,11760.0000]
[140][(14255.273,352.650),(3108281,279133),135,O,18,11760,11760.0000]
[141][(14255.273,352.650),(3108841,280253),135,NE,18,11200,11200.0000]
[142][(14255.273,352.650),(3108841,279133),135,NO,18,12320,12320.0000]
[143][(14255.273,352.650),(3107721,280253),135,SE,18,11200,11200.0000]
[144][(14255.273,352.650),(3107721,279133),135,SO,18,12320,12320.0000]
[145][(14583.313,352.650),(3108841,280253),138,N,19,11200,11200.0000]
[146][(14583.313,352.650),(3108281,280813),138,E,19,10080,10080.0000]
[147][(14583.313,352.650),(3107721,280253),138,S,19,11200,11200.0000]
[148][(14815.273,352.650),(3108281,279693),138,O,19,11200,11200.0000]
[149][(14815.273,352.650),(3108841,280813),138,NE,19,10640,10640.0000]
[150][(14815.273,352.650),(3108841,279693),138,NO,19,11760,11760.0000]
[151][(14815.273,352.650),(3107721,280813),138,SE,19,10640,10640.0000]
[152][(14815.273,352.650),(3107721,279693),138,SO,19,11760,11760.0000]
[153][(15143.313,352.650),(3108841,280813),146,N,20,10640,10640.0000]
[154][(15143.313,352.650),(3108281,281373),146,E,20,9520,9520.0000]
[155][(15143.313,352.650),(3107721,280813),146,S,20,10640,10640.0000]
[156][(15375.273,352.650),(3108281,280253),146,O,20,10640,10640.0000]
[157][(15375.273,352.650),(3108841,281373),146,NE,20,10080,10080.0000]
[158][(15375.273,352.650),(3108841,280253),146,NO,20,11200,11200.0000]
[159][(15375.273,352.650),(3107721,281373),146,SE,20,10080,10080.0000]
[160][(15375.273,352.650),(3107721,280253),146,SO,20,11200,11200.0000]
[161][(15703.313,352.650),(3108841,281373),154,N,21,10080,10080.0000]
[162][(15703.313,352.650),(3108281,281933),154,E,21,8960,8960.0000]
[163][(15703.313,352.650),(3107721,281373),154,S,21,10080,10080.0000]
[164][(15935.273,352.650),(3108281,280813),154,O,21,10080,10080.0000]
[165][(15935.273,352.650),(3108841,281933),154,NE,21,9520,9520.0000]
[166][(15935.273,352.650),(3108841,280813),154,NO,21,10640,10640.0000]
[167][(15935.273,352.650),(3107721,281933),154,SE,21,9520,9520.0000]
[168][(15935.273,352.650),(3107721,280813),154,SO,21,10640,10640.0000]
[169][(16263.313,352.650),(3108841,281933),162,N,22,9520,9520.0000]
[170][(16263.313,352.650),(3108281,282493),162,E,22,8400,8400.0000]
[171][(16263.313,352.650),(3107721,281933),162,S,22,9520,9520.0000]
[172][(16495.273,352.650),(3108281,281373),162,O,22,9520,9520.0000]
[173][(16495.273,352.650),(3108841,282493),162,NE,22,8960,8960.0000]
[174][(16495.273,352.650),(3108841,281373),162,NO,22,10080,10080.0000]
[175][(16495.273,352.650),(3107721,282493),162,SE,22,8960,8960.0000]
[176][(16495.273,352.650),(3107721,281373),162,SO,22,10080,10080.0000]
[177][(16823.313,352.650),(3108841,282493),170,N,23,8960,8960.0000]
[178][(16823.313,352.650),(3108281,283053),170,E,23,7840,7840.0000]
[179][(16823.313,352.650),(3107721,282493),170,S,23,8960,8960.0000]
[180][(17055.273,352.650),(3108281,281933),170,O,23,8960,8960.0000]
[181][(17055.273,352.650),(3108841,283053),170,NE,23,8400,8400.0000]
[182][(17055.273,352.650),(3108841,281933),170,NO,23,9520,9520.0000]
[183][(17055.273,352.650),(3107721,283053),170,SE,23,8400,8400.0000]
[184][(17055.273,352.650),(3107721,281933),170,SO,23,9520,9520.0000]
[185][(17383.313,352.650),(3108841,283053),178,N,24,8400,8400.0000]
[186][(17383.313,352.650),(3108281,283613),178,E,24,7280,7280.0000]
[187][(17383.313,352.650),(3107721,283053),178,S,24,8400,8400.0000]
[188][(17615.273,352.650),(3108281,282493),178,O,24,8400,8400.0000]
[189][(17615.273,352.650),(3108841,283613),178,NE,24,7840,7840.0000]
[190][(17615.273,352.650),(3108841,282493),178,NO,24,8960,8960.0000]
[191][(17615.273,352.650),(3107721,283613),178,SE,24,7840,7840.0000]
[192][(17615.273,352.650),(3107721,282493),178,SO,24,8960,8960.0000]
[193][(17943.313,352.650),(3108841,283613),186,N,25,7840,7840.0000]
[194][(17943.313,352.650),(3108281,284173),186,E,25,6720,6720.0000]
[195][(17943.313,352.650),(3107721,283613),186,S,25,7840,7840.0000]
[196][(18175.273,352.650),(3108281,283053),186,O,25,7840,7840.0000]
[197][(18175.273,352.650),(3108841,284173),186,NE,25,7280,7280.0000]
[198][(18175.273,352.650),(3108841,283053),186,NO,25,8400,8400.0000]
[199][(18175.273,352.650),(3107721,284173),186,SE,25,7280,7280.0000]
[200][(18175.273,352.650),(3107721,283053),186,SO,25,8400,8400.0000]
[201][(18503.313,352.650),(3108841,284173),194,N,26,7280,7280.0000]
[202][(18503.313,352.650),(3108281,284733),194,E,26,6160,6160.0000]
[203][(18503.313,352.650),(3107721,284173),194,S,26,7280,7280.0000]
[204][(18735.273,352.650),(3108281,283613),194,O,26,7280,7280.0000]
[205][(18735.273,352.650),(3108841,284733),194,NE,26,6720,6720.0000]
[206][(18735.273,352.650),(3108841,283613),194,NO,26,7840,7840.0000]
[207][(18735.273,352.650),(3107721,284733),194,SE,26,6720,6720.0000]
[208][(18735.273,352.650),(3107721,283613),194,SO,26,7840,7840.0000]
[209][(19063.313,352.650),(3108841,284733),202,N,27,6720,6720.0000]
[210][(19063.313,352.650),(3108281,285293),202,E,27,5600,5600.0000]
[211][(19063.313,352.650),(3107721,284733),202,S,27,6720,6720.0000]
[212][(19295.273,352.650),(3108281,284173),202,O,27,6720,6720.0000]
[213][(19295.273,352.650),(3108841,285293),202,NE,27,6160,6160.0000]
[214][(19295.273,352.650),(3108841,284173),202,NO,27,7280,7280.0000]
[215][(19295.273,352.650),(3107721,285293),202,SE,27,6160,6160.0000]
[216][(19295.273,352.650),(3107721,284173),202,SO,27,7280,7280.0000]
[217][(19623.313,352.650),(3108841,285293),210,N,28,6160,6160.0000]
[218][(19623.313,352.650),(3108281,285853),210,E,28,5040,5040.0000]
[219][(19623.313,352.650),(3107721,285293),210,S,28,6160,6160.0000]
[220][(19855.273,352.650),(3108281,284733),210,O,28,6160,6160.0000]
[221][(19855.273,352.650),(3108841,285853),210,NE,28,5600,5600.0000]
[222][(19855.273,352.650),(3108841,284733),210,NO,28,6720,6720.0000]
[223][(19855.273,352.650),(3107721,285853),210,SE,28,5600,5600.0000]
[224][(19855.273,352.650),(3107721,284733),210,SO,28,6720,6720.0000]
[225][(20183.313,352.650),(3108841,285853),218,N,29,5600,5600.0000]
[226][(20183.313,352.650),(3108281,286413),218,E,29,4480,4480.0000]
[227][(20183.313,352.650),(3107721,285853),218,S,29,5600,5600.0000]
[228][(20415.273,352.650),(3108281,285293),218,O,29,5600,5600.0000]
[229][(20415.273,352.650),(3108841,286413),218,NE,29,5040,5040.0000]
[230][(20415.273,352.650),(3108841,285293),218,NO,29,6160,6160.0000]
[231][(20415.273,352.650),(3107721,286413),218,SE,29,5040,5040.0000]
[232][(20415.273,352.650),(3107721,285293),218,SO,29,6160,6160.0000]
[233][(20743.313,352.650),(3108841,286413),226,N,30,5040,5040.0000]
[234][(20743.313,352.650),(3108281,286973),226,E,30,3920,3920.0000]
[235][(20743.313,352.650),(3107721,286413),226,S,30,5040,5040.0000]
[236][(20975.273,352.650),(3108281,285853),226,O,30,5040,5040.0000]
[237][(20975.273,352.650),(3108841,286973),226,NE,30,4480,4480.0000]
[238][(20975.273,352.650),(3108841,285853),226,NO,30,5600,5600.0000]
[239][(20975.273,352.650),(3107721,286973),226,SE,30,4480,4480.0000]
[240][(20975.273,352.650),(3107721,285853),226,SO,30,5600,5600.0000]
[241][(21303.313,352.650),(3108841,286973),234,N,31,4480,4480.0000]
[242][(21303.313,352.650),(3108281,287533),234,E,31,3360,3360.0000]
[243][(21303.313,352.650),(3107721,286973),234,S,31,4480,4480.0000]
[244][(21535.273,352.650),(3108281,286413),234,O,31,4480,4480.0000]
[245][(21535.273,352.650),(3108841,287533),234,NE,31,3920,3920.0000]
[246][(21535.273,352.650),(3108841,286413),234,NO,31,5040,5040.0000]
[247][(21535.273,352.650),(3107721,287533),234,SE,31,3920,3920.0000]
[248][(21535.273,352.650),(3107721,286413),234,SO,31,5040,5040.0000]
[249][(21863.313,352.650),(3108841,287533),242,N,32,3920,3920.0000]
[250][(21863.313,352.650),(3108281,288093),242,E,32,2800,2800.0000]
[251][(21863.313,352.650),(3107721,287533),242,S,32,3920,3920.0000]
[252][(22095.273,352.650),(3108281,286973),242,O,32,3920,3920.0000]
[253][(22095.273,352.650),(3108841,288093),242,NE,32,3360,3360.0000]
[254][(22095.273,352.650),(3108841,286973),242,NO,32,4480,4480.0000]
[255][(22095.273,352.650),(3107721,288093),242,SE,32,3360,3360.0000]
[256][(22095.273,352.650),(3107721,286973),242,SO,32,4480,4480.0000]
[257][(22423.313,352.650),(3108841,288093),250,N,33,3360,3360.0000]
[258][(22423.313,352.650),(3108281,288653),250,E,33,2240,2240.0000]
[259][(22423.313,352.650),(3107721,288093),250,S,33,3360,3360.0000]
[260][(22655.273,352.650),(3108281,287533),250,O,33,3360,3360.0000]
[261][(22655.273,352.650),(3108841,288653),250,NE,33,2800,2800.0000]
[262][(22655.273,352.650),(3108841,287533),250,NO,33,3920,3920.0000]
[263][(22655.273,352.650),(3107721,288653),250,SE,33,2800,2800.0000]
[264][(22655.273,352.650),(3107721,287533),250,SO,33,3920,3920.0000]
[265][(22983.313,352.650),(3108841,288653),258,N,34,2800,2800.0000]
[266][(22983.313,352.650),(3108281,289213),258,E,34,1680,1680.0000]
[267][(22983.313,352.650),(3107721,288653),258,S,34,2800,2800.0000]
[268][(23215.273,352.650),(3108281,288093),258,O,34,2800,2800.0000]
[269][(23215.273,352.650),(3108841,289213),258,NE,34,2240,2240.0000]
[270][(23215.273,352.650),(3108841,288093),258,NO,34,3360,3360.0000]
[271][(23215.273,352.650),(3107721,289213),258,SE,34,2240,2240.0000]
[272][(23215.273,352.650),(3107721,288093),258,SO,34,3360,3360.0000]
[273][(23543.313,352.650),(3108841,289213),266,N,35,2240,2240.0000]
[274][(23543.313,352.650),(3108281,289773),266,E,35,1120,1120.0000]
[275][(23543.313,352.650),(3107721,289213),266,S,35,2240,2240.0000]
[276][(23775.273,352.650),(3108281,288653),266,O,35,2240,2240.0000]
[277][(23775.273,352.650),(3108841,289773),266,NE,35,1680,1680.0000]
[278][(23775.273,352.650),(3108841,288653),266,NO,35,2800,2800.0000]
[279][(23775.273,352.650),(3107721,289773),266,SE,35,1680,1680.0000]
[280][(23775.273,352.650),(3107721,288653),266,SO,35,2800,2800.0000]
[281][(24103.313,352.650),(3108841,289773),274,N,36,1680,1680.0000]
[282][(24103.313,352.650),(3108281,290333),274,E,36,560,560.0000]
[283][(24103.313,352.650),(3107721,289773),274,S,36,1680,1680.0000]
[284][(24335.273,352.650),(3108281,289213),274,O,36,1680,1680.0000]
[285][(24335.273,352.650),(3108841,290333),274,NE,36,1120,1120.0000]
[286][(24335.273,352.650),(3108841,289213),274,NO,36,2240,2240.0000]
[287][(24335.273,352.650),(3107721,290333),274,SE,36,1120,1120.0000]
[288][(24335.273,352.650),(3107721,289213),274,SO,36,2240,2240.0000]
[289][(24663.313,352.650),(3108841,290333),282,N,37,1120,1120.0000]
[290][(24663.313,352.650),(3108281,290893),282,E,37,0,0.0000]
[291][(24663.313,352.650),(3107721,290333),282,S,37,1120,1120.0000]
[292][(24895.273,352.650),(3108281,289773),282,O,37,1120,1120.0000]
[293][(24895.273,352.650),(3108841,290893),282,NE,37,560,560.0000]
[294][(24895.273,352.650),(3108841,289773),282,NO,37,1680,1680.0000]
[295][(24895.273,352.650),(3107721,290893),282,SE,37,560,560.0000]
[296][(24895.273,352.650),(3107721,289773),282,SO,37,1680,1680.0000]
