file:ejercicio1
init:(3105481, 274093)
goal:(3120601, 284733)
strategy:BFS
maxdepth:81
[0][(0.000,0.000),(3105481,274093),None,None,0,25760,25760.0000]
[2][(791.960,121.830),(3106041,274653),0,NE,1,24640,24640.0000]
[10][(1583.919,121.830),(3106601,275213),2,NE,2,23520,23520.0000]
[18][(2375.879,160.640),(3107161,275773),10,NE,3,22400,22400.0000]
[26][(3167.838,219.940),(3107721,276333),18,NE,4,21280,21280.0000]
[34][(3959.798,219.940),(3108281,276893),26,NE,5,20160,20160.0000]
[42][(4751.758,219.940),(3108841,277453),34,NE,6,19040,19040.0000]
[50][(5543.717,219.940),(3109401,278013),42,NE,7,17920,17920.0000]
[58][(6335.677,219.940),(3109961,278573),50,NE,8,16800,16800.0000]
[66][(7127.636,219.940),(3110521,279133),58,NE,9,15680,15680.0000]
[74][(7919.596,219.940),(3111081,279693),66,NE,10,14560,14560.0000]
[82][(8711.556,219.940),(3111641,280253),74,NE,11,13440,13440.0000]
[90][(9503.515,219.940),(3112201,280813),82,NE,12,12320,12320.0000]
[98][(10295.475,219.940),(3112761,281373),90,NE,13,11200,11200.0000]
[106][(11087.434,219.940),(3113321,281933),98,NE,14,10080,10080.0000]
[114][(11879.394,219.940),(3113881,282493),106,NE,15,8960,8960.0000]
[122][(12671.354,219.940),(3114441,283053),114,NE,16,7840,7840.0000]
[130][(13463.313,219.940),(3115001,283613),122,NE,17,6720,6720.0000]
[138][(14255.273,399.240),(3115561,284173),130,NE,18,5600,5600.0000]
[146][(15047.232,399.240),(3116121,284733),138,NE,19,4480,4480.0000]
[153][(15607.232,399.240),(3116681,284733),146,N,20,3920,3920.0000]
[161][(16167.232,399.240),(3117241,284733),153,N,21,3360,3360.0000]
[169][(16727.232,399.240),(3117801,284733),161,N,22,2800,2800.0000]
[177][(17287.232,399.240),(3118361,284733),169,N,23,2240,2240.0000]
[185][(17847.232,399.240),(3118921,284733),177,N,24,1680,1680.0000]
[193][(18407.232,399.240),(3119481,284733),185,N,25,1120,1120.0000]
[201][(18967.232,399.240),(3120041,284733),193,N,26,560,560.0000]
[209][(19527.232,399.240),(3120601,284733),201,N,27,0,0.0000]
